-1	-0.631578947368421
-1	-0.41007194244604317
1	-0.24444444444444444
1	0.13513513513513514
-1	-0.24242424242424243
1	0.6470588235294118
-1	-0.08771929824561403
1	0.7096774193548387
1	0.3959731543624161
1	0.19444444444444445
1	0.24242424242424243
-1	-0.17647058823529413
1	-0.40350877192982454
1	0.4105263157894737
-1	-0.5
-1	-0.18421052631578946
-1	-0.3448275862068966
1	-0.13333333333333333
1	0.16
1	0.22727272727272727
-1	-0.7692307692307693
1	-0.21212121212121213
-1	0.4634146341463415
1	1
-1	0.5789473684210527
-1	-1
1	0.36
1	0.6
1	0.4782608695652174
-1	-0.48936170212765956
1	-0.5454545454545454
1	-0.47126436781609193
-1	-0.4025974025974026
1	0.8360655737704918
1	0.7083333333333334
1	1
-1	-0.9074074074074074
1	1
1	-0.7875
-1	-0.5879396984924623
1	0.2972972972972973
-1	-0.5798319327731093
-1	-0.46153846153846156
-1	0.425531914893617
1	1
1	-0.012987012987012988
-1	-1
1	-0.8211382113821138
1	-1
1	0.13580246913580246
1	0.3448275862068966
1	-0.631578947368421
-1	-0.559322033898305
1	0.7857142857142857
-1	-0.25
1	-0.9
1	1
-1	0.589041095890411
-1	-0.047619047619047616
-1	0.28205128205128205
1	-1
-1	-0.5454545454545454
-1	-1
-1	0.3157894736842105
-1	-0.275
-1	-0.7349397590361446
-1	-0.5827338129496403
-1	0.41414141414141414
1	0.6304347826086957
1	-0.21839080459770116
-1	-0.8235294117647058
-1	-0.71875
1	0.6590909090909091
-1	-0.11538461538461539
-1	0.20833333333333334
-1	-0.6422764227642277
-1	0.034482758620689655
1	0.19230769230769232
1	-0.3939393939393939
-1	-0.5
-1	-0.7428571428571429
1	-0.0136986301369863
-1	-0.7938144329896907
1	-0.08333333333333333
-1	-0.48936170212765956
-1	-0.4666666666666667
-1	-0.8301886792452831
1	-0.38095238095238093
-1	0.34782608695652173
-1	-0.29133858267716534
1	0.85
-1	-0.6870748299319728
1	-0.2647058823529412
1	0.56
-1	-0.7966101694915254
1	0.32673267326732675
1	-0.09090909090909091
1	-0.10714285714285714
1	1
-1	0.4772727272727273
-1	1
-1	-0.4461538461538462
-1	0.7538461538461538
1	0.8536585365853658
1	0.7664233576642335
1	0.6666666666666666
-1	-0.6521739130434783
1	-0.15492957746478872
-1	0.36585365853658536
1	0.08196721311475409
-1	0.3333333333333333
1	-0.5342465753424658
1	-0.6363636363636364
-1	-0.3902439024390244
1	0.3898305084745763
1	-0.014492753623188406
-1	0.35353535353535354
-1	-0.8558558558558559
-1	-0.053763440860215055
1	1
1	0.8157894736842105
1	0.6846473029045643
-1	-1
1	0.5428571428571428
1	-0.5609756097560976
-1	-0.6721311475409836
-1	-0.18095238095238095
-1	-0.8709677419354839
-1	-0.963963963963964
-1	1
-1	-0.8562091503267973
1	-0.09375
1	-0.09278350515463918
-1	-0.7471264367816092
1	-0.25
-1	-0.8923076923076924
-1	-0.8490566037735849
-1	0.18309859154929578
-1	-0.29523809523809524
1	0.8888888888888888
1	0.8723404255319149
1	0.24324324324324326
1	0.4965986394557823
-1	0.6578947368421053
1	-0.4857142857142857
-1	0.6153846153846154
1	0.3333333333333333
1	0.8217821782178217
1	-0.4594594594594595
1	0.6338028169014085
-1	-0.29896907216494845
-1	-0.07692307692307693
1	-0.1232876712328767
-1	0.2553191489361702
1	0.9696969696969697
1	0.5476190476190477
1	-0.4166666666666667
-1	-0.6
-1	0.28735632183908044
1	0.7575757575757576
-1	0.1111111111111111
1	-0.9696969696969697
-1	-0.40789473684210525
1	0.8
-1	-0.5490196078431373
-1	-1
-1	-0.8333333333333334
-1	0.22666666666666666
-1	-1
1	0.3333333333333333
1	1
-1	0.7222222222222222
-1	0.6888888888888889
1	1
1	0.4
1	0.39285714285714285
-1	-0.9
1	0.24324324324324326
-1	-0.8970588235294118
1	-0.75
-1	0.26666666666666666
1	0.5280898876404494
-1	-0.6883116883116883
1	0.8260869565217391
-1	-0.5761589403973509
-1	0.05714285714285714
-1	-0.6521739130434783
-1	-0.5584415584415584
1	0.3543307086614173
1	0.5466666666666666
-1	-0.8933333333333333
-1	-0.5609756097560976
-1	-0.3118279569892473
-1	-0.6538461538461539
1	0.6635514018691588
1	0.8378378378378378
1	0.21518987341772153
1	0.8260869565217391
1	0.631578947368421
1	0.7439024390243902
1	-0.1619047619047619
-1	-0.2108843537414966
1	0.9655172413793104
-1	-1
-1	-0.4805194805194805
-1	-1
1	-0.425
1	0.42857142857142855
1	-0.024390243902439025
-1	-0.17857142857142858
-1	0.09090909090909091
-1	-0.1111111111111111
-1	-0.35
-1	0.12
-1	-1
-1	-0.19230769230769232
1	-0.18518518518518517
1	1
1	0.8805970149253731
1	-0.25
-1	-0.6338028169014085
1	0.40229885057471265
1	1
1	-1
1	0.34177215189873417
-1	-1
1	0.6129032258064516
1	0.17857142857142858
1	-0.8611111111111112
-1	0.0196078431372549
1	0.3237410071942446
1	0.3548387096774194
-1	-0.8
1	-0.5223880597014925
-1	0.6170212765957447
1	-0.21951219512195122
1	0.47368421052631576
-1	0.13636363636363635
1	-0.948051948051948
1	0.2605042016806723
1	1
-1	-0.8151260504201681
-1	-0.8725099601593626
1	0.12359550561797752
1	1
1	-0.22727272727272727
1	-0.288135593220339
